4 16 7 8

0 16 0 0 0 0 0 0 0 0 
0 20 1 1 1 1 1 1 1 1 
0 24 1 1 1 1 1 1 1 1 
0 28 0 0 0 0 0 0 0 0 
1 16 1 1 1 1 1 1 1 1 
1 20 0 0 0 0 0 0 0 0 
1 24 0 0 0 0 0 0 0 0 
1 28 1 1 1 1 1 1 1 1 
2 16 1 1 1 1 1 1 1 1 
2 20 0 0 0 0 0 0 0 0 
2 24 0 0 0 0 0 0 0 0 
2 28 1 1 1 1 1 1 1 1 
3 16 0 0 0 0 0 0 0 0 
3 20 1 1 1 1 1 1 1 1 
3 24 1 1 1 1 1 1 1 1 
3 28 0 0 0 0 0 0 0 0 
4 17 1 1 1 1 1 1 1 1 
4 21 0 0 0 0 0 0 0 0 
4 25 0 0 0 0 0 0 0 0 
4 29 1 1 1 1 1 1 1 1 
5 17 0 0 0 0 0 0 0 0 
5 21 1 1 1 1 1 1 1 1 
5 25 1 1 1 1 1 1 1 1 
5 29 0 0 0 0 0 0 0 0 
6 17 0 0 0 0 0 0 0 0 
6 21 1 1 1 1 1 1 1 1 
6 25 1 1 1 1 1 1 1 1 
6 29 0 0 0 0 0 0 0 0 
7 17 1 1 1 1 1 1 1 1 
7 21 0 0 0 0 0 0 0 0 
7 25 0 0 0 0 0 0 0 0 
7 29 1 1 1 1 1 1 1 1 
8 18 1 1 1 1 1 1 1 1 
8 22 0 0 0 0 0 0 0 0 
8 26 0 0 0 0 0 0 0 0 
8 30 1 1 1 1 1 1 1 1 
9 18 0 0 0 0 0 0 0 0 
9 22 1 1 1 1 1 1 1 1 
9 26 1 1 1 1 1 1 1 1 
9 30 0 0 0 0 0 0 0 0 
10 18 0 0 0 0 0 0 0 0 
10 22 1 1 1 1 1 1 1 1 
10 26 1 1 1 1 1 1 1 1 
10 30 0 0 0 0 0 0 0 0 
11 18 1 1 1 1 1 1 1 1 
11 22 0 0 0 0 0 0 0 0 
11 26 0 0 0 0 0 0 0 0 
11 30 1 1 1 1 1 1 1 1 
12 19 0 0 0 0 0 0 0 0 
12 23 1 1 1 1 1 1 1 1 
12 27 1 1 1 1 1 1 1 1 
12 31 0 0 0 0 0 0 0 0 
13 19 1 1 1 1 1 1 1 1 
13 23 0 0 0 0 0 0 0 0 
13 27 0 0 0 0 0 0 0 0 
13 31 1 1 1 1 1 1 1 1 
14 19 1 1 1 1 1 1 1 1 
14 23 0 0 0 0 0 0 0 0 
14 27 0 0 0 0 0 0 0 0 
14 31 1 1 1 1 1 1 1 1 
15 19 0 0 0 0 0 0 0 0 
15 23 1 1 1 1 1 1 1 1 
15 27 1 1 1 1 1 1 1 1 
15 31 0 0 0 0 0 0 0 0 
16 32 0 0 0 0 0 0 0 0 
16 36 1 1 1 1 1 1 1 1 
16 40 1 1 1 1 1 1 1 1 
16 44 0 0 0 0 0 0 0 0 
17 32 1 1 1 1 1 1 1 1 
17 36 0 0 0 0 0 0 0 0 
17 40 0 0 0 0 0 0 0 0 
17 44 1 1 1 1 1 1 1 1 
18 32 1 1 1 1 1 1 1 1 
18 36 0 0 0 0 0 0 0 0 
18 40 0 0 0 0 0 0 0 0 
18 44 1 1 1 1 1 1 1 1 
19 32 0 0 0 0 0 0 0 0 
19 36 1 1 1 1 1 1 1 1 
19 40 1 1 1 1 1 1 1 1 
19 44 0 0 0 0 0 0 0 0 
20 33 1 1 1 1 1 1 1 1 
20 37 0 0 0 0 0 0 0 0 
20 41 0 0 0 0 0 0 0 0 
20 45 1 1 1 1 1 1 1 1 
21 33 0 0 0 0 0 0 0 0 
21 37 1 1 1 1 1 1 1 1 
21 41 1 1 1 1 1 1 1 1 
21 45 0 0 0 0 0 0 0 0 
22 33 0 0 0 0 0 0 0 0 
22 37 1 1 1 1 1 1 1 1 
22 41 1 1 1 1 1 1 1 1 
22 45 0 0 0 0 0 0 0 0 
23 33 1 1 1 1 1 1 1 1 
23 37 0 0 0 0 0 0 0 0 
23 41 0 0 0 0 0 0 0 0 
23 45 1 1 1 1 1 1 1 1 
24 34 1 1 1 1 1 1 1 1 
24 38 0 0 0 0 0 0 0 0 
24 42 0 0 0 0 0 0 0 0 
24 46 1 1 1 1 1 1 1 1 
25 34 0 0 0 0 0 0 0 0 
25 38 1 1 1 1 1 1 1 1 
25 42 1 1 1 1 1 1 1 1 
25 46 0 0 0 0 0 0 0 0 
26 34 0 0 0 0 0 0 0 0 
26 38 1 1 1 1 1 1 1 1 
26 42 1 1 1 1 1 1 1 1 
26 46 0 0 0 0 0 0 0 0 
27 34 1 1 1 1 1 1 1 1 
27 38 0 0 0 0 0 0 0 0 
27 42 0 0 0 0 0 0 0 0 
27 46 1 1 1 1 1 1 1 1 
28 35 0 0 0 0 0 0 0 0 
28 39 1 1 1 1 1 1 1 1 
28 43 1 1 1 1 1 1 1 1 
28 47 0 0 0 0 0 0 0 0 
29 35 1 1 1 1 1 1 1 1 
29 39 0 0 0 0 0 0 0 0 
29 43 0 0 0 0 0 0 0 0 
29 47 1 1 1 1 1 1 1 1 
30 35 1 1 1 1 1 1 1 1 
30 39 0 0 0 0 0 0 0 0 
30 43 0 0 0 0 0 0 0 0 
30 47 1 1 1 1 1 1 1 1 
31 35 0 0 0 0 0 0 0 0 
31 39 1 1 1 1 1 1 1 1 
31 43 1 1 1 1 1 1 1 1 
31 47 0 0 0 0 0 0 0 0 
32 48 0 0 0 0 0 0 0 0 
32 52 1 1 1 1 1 1 1 1 
32 56 1 1 1 1 1 1 1 1 
32 60 0 0 0 0 0 0 0 0 
33 48 1 1 1 1 1 1 1 1 
33 52 0 0 0 0 0 0 0 0 
33 56 0 0 0 0 0 0 0 0 
33 60 1 1 1 1 1 1 1 1 
34 48 1 1 1 1 1 1 1 1 
34 52 0 0 0 0 0 0 0 0 
34 56 0 0 0 0 0 0 0 0 
34 60 1 1 1 1 1 1 1 1 
35 48 0 0 0 0 0 0 0 0 
35 52 1 1 1 1 1 1 1 1 
35 56 1 1 1 1 1 1 1 1 
35 60 0 0 0 0 0 0 0 0 
36 49 1 1 1 1 1 1 1 1 
36 53 0 0 0 0 0 0 0 0 
36 57 0 0 0 0 0 0 0 0 
36 61 1 1 1 1 1 1 1 1 
37 49 0 0 0 0 0 0 0 0 
37 53 1 1 1 1 1 1 1 1 
37 57 1 1 1 1 1 1 1 1 
37 61 0 0 0 0 0 0 0 0 
38 49 0 0 0 0 0 0 0 0 
38 53 1 1 1 1 1 1 1 1 
38 57 1 1 1 1 1 1 1 1 
38 61 0 0 0 0 0 0 0 0 
39 49 1 1 1 1 1 1 1 1 
39 53 0 0 0 0 0 0 0 0 
39 57 0 0 0 0 0 0 0 0 
39 61 1 1 1 1 1 1 1 1 
40 50 1 1 1 1 1 1 1 1 
40 54 0 0 0 0 0 0 0 0 
40 58 0 0 0 0 0 0 0 0 
40 62 1 1 1 1 1 1 1 1 
41 50 0 0 0 0 0 0 0 0 
41 54 1 1 1 1 1 1 1 1 
41 58 1 1 1 1 1 1 1 1 
41 62 0 0 0 0 0 0 0 0 
42 50 0 0 0 0 0 0 0 0 
42 54 1 1 1 1 1 1 1 1 
42 58 1 1 1 1 1 1 1 1 
42 62 0 0 0 0 0 0 0 0 
43 50 1 1 1 1 1 1 1 1 
43 54 0 0 0 0 0 0 0 0 
43 58 0 0 0 0 0 0 0 0 
43 62 1 1 1 1 1 1 1 1 
44 51 0 0 0 0 0 0 0 0 
44 55 1 1 1 1 1 1 1 1 
44 59 1 1 1 1 1 1 1 1 
44 63 0 0 0 0 0 0 0 0 
45 51 1 1 1 1 1 1 1 1 
45 55 0 0 0 0 0 0 0 0 
45 59 0 0 0 0 0 0 0 0 
45 63 1 1 1 1 1 1 1 1 
46 51 1 1 1 1 1 1 1 1 
46 55 0 0 0 0 0 0 0 0 
46 59 0 0 0 0 0 0 0 0 
46 63 1 1 1 1 1 1 1 1 
47 51 0 0 0 0 0 0 0 0 
47 55 1 1 1 1 1 1 1 1 
47 59 1 1 1 1 1 1 1 1 
47 63 0 0 0 0 0 0 0 0 
48 64 0 0 0 0 0 0 0 0 
48 68 1 1 1 1 1 1 1 1 
48 72 1 1 1 1 1 1 1 1 
48 76 0 0 0 0 0 0 0 0 
49 64 1 1 1 1 1 1 1 1 
49 68 0 0 0 0 0 0 0 0 
49 72 0 0 0 0 0 0 0 0 
49 76 1 1 1 1 1 1 1 1 
50 64 1 1 1 1 1 1 1 1 
50 68 0 0 0 0 0 0 0 0 
50 72 0 0 0 0 0 0 0 0 
50 76 1 1 1 1 1 1 1 1 
51 64 0 0 0 0 0 0 0 0 
51 68 1 1 1 1 1 1 1 1 
51 72 1 1 1 1 1 1 1 1 
51 76 0 0 0 0 0 0 0 0 
52 65 1 1 1 1 1 1 1 1 
52 69 0 0 0 0 0 0 0 0 
52 73 0 0 0 0 0 0 0 0 
52 77 1 1 1 1 1 1 1 1 
53 65 0 0 0 0 0 0 0 0 
53 69 1 1 1 1 1 1 1 1 
53 73 1 1 1 1 1 1 1 1 
53 77 0 0 0 0 0 0 0 0 
54 65 0 0 0 0 0 0 0 0 
54 69 1 1 1 1 1 1 1 1 
54 73 1 1 1 1 1 1 1 1 
54 77 0 0 0 0 0 0 0 0 
55 65 1 1 1 1 1 1 1 1 
55 69 0 0 0 0 0 0 0 0 
55 73 0 0 0 0 0 0 0 0 
55 77 1 1 1 1 1 1 1 1 
56 66 1 1 1 1 1 1 1 1 
56 70 0 0 0 0 0 0 0 0 
56 74 0 0 0 0 0 0 0 0 
56 78 1 1 1 1 1 1 1 1 
57 66 0 0 0 0 0 0 0 0 
57 70 1 1 1 1 1 1 1 1 
57 74 1 1 1 1 1 1 1 1 
57 78 0 0 0 0 0 0 0 0 
58 66 0 0 0 0 0 0 0 0 
58 70 1 1 1 1 1 1 1 1 
58 74 1 1 1 1 1 1 1 1 
58 78 0 0 0 0 0 0 0 0 
59 66 1 1 1 1 1 1 1 1 
59 70 0 0 0 0 0 0 0 0 
59 74 0 0 0 0 0 0 0 0 
59 78 1 1 1 1 1 1 1 1 
60 67 0 0 0 0 0 0 0 0 
60 71 1 1 1 1 1 1 1 1 
60 75 1 1 1 1 1 1 1 1 
60 79 0 0 0 0 0 0 0 0 
61 67 1 1 1 1 1 1 1 1 
61 71 0 0 0 0 0 0 0 0 
61 75 0 0 0 0 0 0 0 0 
61 79 1 1 1 1 1 1 1 1 
62 67 1 1 1 1 1 1 1 1 
62 71 0 0 0 0 0 0 0 0 
62 75 0 0 0 0 0 0 0 0 
62 79 1 1 1 1 1 1 1 1 
63 67 0 0 0 0 0 0 0 0 
63 71 1 1 1 1 1 1 1 1 
63 75 1 1 1 1 1 1 1 1 
63 79 0 0 0 0 0 0 0 0 
64 80 0 0 0 0 0 0 0 0 
64 84 1 1 1 1 1 1 1 1 
64 88 1 1 1 1 1 1 1 1 
64 92 0 0 0 0 0 0 0 0 
65 80 1 1 1 1 1 1 1 1 
65 84 0 0 0 0 0 0 0 0 
65 88 0 0 0 0 0 0 0 0 
65 92 1 1 1 1 1 1 1 1 
66 80 1 1 1 1 1 1 1 1 
66 84 0 0 0 0 0 0 0 0 
66 88 0 0 0 0 0 0 0 0 
66 92 1 1 1 1 1 1 1 1 
67 80 0 0 0 0 0 0 0 0 
67 84 1 1 1 1 1 1 1 1 
67 88 1 1 1 1 1 1 1 1 
67 92 0 0 0 0 0 0 0 0 
68 81 1 1 1 1 1 1 1 1 
68 85 0 0 0 0 0 0 0 0 
68 89 0 0 0 0 0 0 0 0 
68 93 1 1 1 1 1 1 1 1 
69 81 0 0 0 0 0 0 0 0 
69 85 1 1 1 1 1 1 1 1 
69 89 1 1 1 1 1 1 1 1 
69 93 0 0 0 0 0 0 0 0 
70 81 0 0 0 0 0 0 0 0 
70 85 1 1 1 1 1 1 1 1 
70 89 1 1 1 1 1 1 1 1 
70 93 0 0 0 0 0 0 0 0 
71 81 1 1 1 1 1 1 1 1 
71 85 0 0 0 0 0 0 0 0 
71 89 0 0 0 0 0 0 0 0 
71 93 1 1 1 1 1 1 1 1 
72 82 1 1 1 1 1 1 1 1 
72 86 0 0 0 0 0 0 0 0 
72 90 0 0 0 0 0 0 0 0 
72 94 1 1 1 1 1 1 1 1 
73 82 0 0 0 0 0 0 0 0 
73 86 1 1 1 1 1 1 1 1 
73 90 1 1 1 1 1 1 1 1 
73 94 0 0 0 0 0 0 0 0 
74 82 0 0 0 0 0 0 0 0 
74 86 1 1 1 1 1 1 1 1 
74 90 1 1 1 1 1 1 1 1 
74 94 0 0 0 0 0 0 0 0 
75 82 1 1 1 1 1 1 1 1 
75 86 0 0 0 0 0 0 0 0 
75 90 0 0 0 0 0 0 0 0 
75 94 1 1 1 1 1 1 1 1 
76 83 0 0 0 0 0 0 0 0 
76 87 1 1 1 1 1 1 1 1 
76 91 1 1 1 1 1 1 1 1 
76 95 0 0 0 0 0 0 0 0 
77 83 1 1 1 1 1 1 1 1 
77 87 0 0 0 0 0 0 0 0 
77 91 0 0 0 0 0 0 0 0 
77 95 1 1 1 1 1 1 1 1 
78 83 1 1 1 1 1 1 1 1 
78 87 0 0 0 0 0 0 0 0 
78 91 0 0 0 0 0 0 0 0 
78 95 1 1 1 1 1 1 1 1 
79 83 0 0 0 0 0 0 0 0 
79 87 1 1 1 1 1 1 1 1 
79 91 1 1 1 1 1 1 1 1 
79 95 0 0 0 0 0 0 0 0 
80 96 0 0 0 0 0 0 0 0 
80 100 1 1 1 1 1 1 1 1 
80 104 1 1 1 1 1 1 1 1 
80 108 0 0 0 0 0 0 0 0 
81 96 1 1 1 1 1 1 1 1 
81 100 0 0 0 0 0 0 0 0 
81 104 0 0 0 0 0 0 0 0 
81 108 1 1 1 1 1 1 1 1 
82 96 1 1 1 1 1 1 1 1 
82 100 0 0 0 0 0 0 0 0 
82 104 0 0 0 0 0 0 0 0 
82 108 1 1 1 1 1 1 1 1 
83 96 0 0 0 0 0 0 0 0 
83 100 1 1 1 1 1 1 1 1 
83 104 1 1 1 1 1 1 1 1 
83 108 0 0 0 0 0 0 0 0 
84 97 1 1 1 1 1 1 1 1 
84 101 0 0 0 0 0 0 0 0 
84 105 0 0 0 0 0 0 0 0 
84 109 1 1 1 1 1 1 1 1 
85 97 0 0 0 0 0 0 0 0 
85 101 1 1 1 1 1 1 1 1 
85 105 1 1 1 1 1 1 1 1 
85 109 0 0 0 0 0 0 0 0 
86 97 0 0 0 0 0 0 0 0 
86 101 1 1 1 1 1 1 1 1 
86 105 1 1 1 1 1 1 1 1 
86 109 0 0 0 0 0 0 0 0 
87 97 1 1 1 1 1 1 1 1 
87 101 0 0 0 0 0 0 0 0 
87 105 0 0 0 0 0 0 0 0 
87 109 1 1 1 1 1 1 1 1 
88 98 1 1 1 1 1 1 1 1 
88 102 0 0 0 0 0 0 0 0 
88 106 0 0 0 0 0 0 0 0 
88 110 1 1 1 1 1 1 1 1 
89 98 0 0 0 0 0 0 0 0 
89 102 1 1 1 1 1 1 1 1 
89 106 1 1 1 1 1 1 1 1 
89 110 0 0 0 0 0 0 0 0 
90 98 0 0 0 0 0 0 0 0 
90 102 1 1 1 1 1 1 1 1 
90 106 1 1 1 1 1 1 1 1 
90 110 0 0 0 0 0 0 0 0 
91 98 1 1 1 1 1 1 1 1 
91 102 0 0 0 0 0 0 0 0 
91 106 0 0 0 0 0 0 0 0 
91 110 1 1 1 1 1 1 1 1 
92 99 0 0 0 0 0 0 0 0 
92 103 1 1 1 1 1 1 1 1 
92 107 1 1 1 1 1 1 1 1 
92 111 0 0 0 0 0 0 0 0 
93 99 1 1 1 1 1 1 1 1 
93 103 0 0 0 0 0 0 0 0 
93 107 0 0 0 0 0 0 0 0 
93 111 1 1 1 1 1 1 1 1 
94 99 1 1 1 1 1 1 1 1 
94 103 0 0 0 0 0 0 0 0 
94 107 0 0 0 0 0 0 0 0 
94 111 1 1 1 1 1 1 1 1 
95 99 0 0 0 0 0 0 0 0 
95 103 1 1 1 1 1 1 1 1 
95 107 1 1 1 1 1 1 1 1 
95 111 0 0 0 0 0 0 0 0 
96 0 0 0 0 0 0 0 0 0 
96 4 1 1 1 1 1 1 1 1 
96 8 1 1 1 1 1 1 1 1 
96 12 0 0 0 0 0 0 0 0 
97 0 1 1 1 1 1 1 1 1 
97 4 0 0 0 0 0 0 0 0 
97 8 0 0 0 0 0 0 0 0 
97 12 1 1 1 1 1 1 1 1 
98 0 1 1 1 1 1 1 1 1 
98 4 0 0 0 0 0 0 0 0 
98 8 0 0 0 0 0 0 0 0 
98 12 1 1 1 1 1 1 1 1 
99 0 0 0 0 0 0 0 0 0 
99 4 1 1 1 1 1 1 1 1 
99 8 1 1 1 1 1 1 1 1 
99 12 0 0 0 0 0 0 0 0 
100 1 1 1 1 1 1 1 1 1 
100 5 0 0 0 0 0 0 0 0 
100 9 0 0 0 0 0 0 0 0 
100 13 1 1 1 1 1 1 1 1 
101 1 0 0 0 0 0 0 0 0 
101 5 1 1 1 1 1 1 1 1 
101 9 1 1 1 1 1 1 1 1 
101 13 0 0 0 0 0 0 0 0 
102 1 0 0 0 0 0 0 0 0 
102 5 1 1 1 1 1 1 1 1 
102 9 1 1 1 1 1 1 1 1 
102 13 0 0 0 0 0 0 0 0 
103 1 1 1 1 1 1 1 1 1 
103 5 0 0 0 0 0 0 0 0 
103 9 0 0 0 0 0 0 0 0 
103 13 1 1 1 1 1 1 1 1 
104 2 1 1 1 1 1 1 1 1 
104 6 0 0 0 0 0 0 0 0 
104 10 0 0 0 0 0 0 0 0 
104 14 1 1 1 1 1 1 1 1 
105 2 0 0 0 0 0 0 0 0 
105 6 1 1 1 1 1 1 1 1 
105 10 1 1 1 1 1 1 1 1 
105 14 0 0 0 0 0 0 0 0 
106 2 0 0 0 0 0 0 0 0 
106 6 1 1 1 1 1 1 1 1 
106 10 1 1 1 1 1 1 1 1 
106 14 0 0 0 0 0 0 0 0 
107 2 1 1 1 1 1 1 1 1 
107 6 0 0 0 0 0 0 0 0 
107 10 0 0 0 0 0 0 0 0 
107 14 1 1 1 1 1 1 1 1 
108 3 0 0 0 0 0 0 0 0 
108 7 1 1 1 1 1 1 1 1 
108 11 1 1 1 1 1 1 1 1 
108 15 0 0 0 0 0 0 0 0 
109 3 1 1 1 1 1 1 1 1 
109 7 0 0 0 0 0 0 0 0 
109 11 0 0 0 0 0 0 0 0 
109 15 1 1 1 1 1 1 1 1 
110 3 1 1 1 1 1 1 1 1 
110 7 0 0 0 0 0 0 0 0 
110 11 0 0 0 0 0 0 0 0 
110 15 1 1 1 1 1 1 1 1 
111 3 0 0 0 0 0 0 0 0 
111 7 1 1 1 1 1 1 1 1 
111 11 1 1 1 1 1 1 1 1 
111 15 0 0 0 0 0 0 0 0 
