4 16 7 8

0 16 1 0 0 0 1 0 0 0 
0 17 0 0 1 0 0 0 0 1 
0 18 0 1 0 0 0 0 1 0 
0 19 1 0 0 0 0 1 0 0 
1 20 0 0 0 0 0 1 0 1 
1 21 1 0 0 0 0 1 0 0 
1 22 0 1 0 1 0 0 0 0 
1 23 0 0 0 0 0 0 1 1 
2 24 0 0 0 1 1 0 0 0 
2 25 0 0 0 0 1 0 0 1 
2 26 1 0 1 0 0 0 0 0 
2 27 0 1 1 0 0 0 0 0 
3 28 0 0 0 0 1 1 0 0 
3 29 0 0 1 1 0 0 0 0 
3 30 0 0 1 0 0 0 0 1 
3 31 0 0 1 0 0 1 0 0 
4 16 0 0 1 1 0 0 0 0 
4 17 0 1 0 0 0 0 0 1 
4 18 0 0 0 1 1 0 0 0 
4 19 1 1 0 0 0 0 0 0 
5 20 0 0 0 0 1 1 0 0 
5 21 0 0 0 0 0 1 1 0 
5 22 1 0 0 0 1 0 0 0 
5 23 0 0 1 1 0 0 0 0 
6 24 0 1 0 0 0 0 0 1 
6 25 0 0 0 1 0 1 0 0 
6 26 0 0 1 0 1 0 0 0 
6 27 1 0 0 0 1 0 0 0 
7 28 1 0 0 0 1 0 0 0 
7 29 1 0 0 1 0 0 0 0 
7 30 0 0 1 0 0 1 0 0 
7 31 1 0 0 0 0 0 1 0 
8 16 0 0 1 0 0 0 0 1 
8 17 1 0 0 1 0 0 0 0 
8 18 0 1 0 0 0 0 0 1 
8 19 0 0 1 0 0 0 1 0 
9 20 1 0 0 0 0 1 0 0 
9 21 0 1 1 0 0 0 0 0 
9 22 0 0 0 0 1 0 1 0 
9 23 0 0 1 0 0 0 1 0 
10 24 0 1 0 0 0 0 1 0 
10 25 1 0 0 0 1 0 0 0 
10 26 0 0 0 1 0 0 1 0 
10 27 1 0 0 1 0 0 0 0 
11 28 1 0 0 1 0 0 0 0 
11 29 0 0 1 0 0 1 0 0 
11 30 1 0 0 1 0 0 0 0 
11 31 0 0 1 0 1 0 0 0 
12 16 0 0 1 1 0 0 0 0 
12 17 1 0 0 0 0 1 0 0 
12 18 0 0 0 1 1 0 0 0 
12 19 0 1 0 0 0 0 0 1 
13 20 0 0 1 0 0 1 0 0 
13 21 0 0 0 1 1 0 0 0 
13 22 0 0 0 1 0 0 1 0 
13 23 0 0 0 0 1 0 0 1 
14 24 0 0 0 1 1 0 0 0 
14 25 0 0 0 0 1 1 0 0 
14 26 0 0 0 1 0 0 0 1 
14 27 1 0 0 0 1 0 0 0 
15 28 0 1 0 0 0 1 0 0 
15 29 0 0 1 0 0 0 1 0 
15 30 0 1 0 0 1 0 0 0 
15 31 0 0 0 0 0 1 1 0 
16 32 1 0 0 0 0 0 0 1 
16 33 0 1 1 0 0 0 0 0 
16 34 0 0 0 1 1 0 0 0 
16 35 1 0 0 0 1 0 0 0 
17 36 0 1 0 0 0 0 0 1 
17 37 0 0 1 1 0 0 0 0 
17 38 0 0 0 1 0 0 0 1 
17 39 0 1 0 1 0 0 0 0 
18 40 0 1 0 0 0 0 1 0 
18 41 0 0 0 0 1 0 1 0 
18 42 1 1 0 0 0 0 0 0 
18 43 0 1 0 0 1 0 0 0 
19 44 0 0 1 0 1 0 0 0 
19 45 0 0 0 0 0 0 1 1 
19 46 0 0 0 1 0 1 0 0 
19 47 0 0 1 0 1 0 0 0 
20 32 1 1 0 0 0 0 0 0 
20 33 1 1 0 0 0 0 0 0 
20 34 1 0 0 0 0 1 0 0 
20 35 0 0 0 0 1 0 1 0 
21 36 0 0 1 0 0 0 0 1 
21 37 0 0 0 1 1 0 0 0 
21 38 0 0 0 0 1 0 0 1 
21 39 1 1 0 0 0 0 0 0 
22 40 0 0 0 0 0 1 0 1 
22 41 0 1 0 0 0 1 0 0 
22 42 0 0 1 0 0 0 0 1 
22 43 0 0 1 1 0 0 0 0 
23 44 1 0 0 0 1 0 0 0 
23 45 1 0 0 0 1 0 0 0 
23 46 1 0 0 0 0 0 1 0 
23 47 0 0 0 0 0 1 0 1 
24 32 1 0 1 0 0 0 0 0 
24 33 0 0 1 0 0 0 1 0 
24 34 1 0 0 0 0 0 1 0 
24 35 0 0 1 0 0 0 0 1 
25 36 0 0 1 0 0 0 0 1 
25 37 0 0 1 1 0 0 0 0 
25 38 0 0 0 0 1 1 0 0 
25 39 0 1 0 0 0 0 0 1 
26 40 0 0 0 1 0 1 0 0 
26 41 0 0 0 0 1 1 0 0 
26 42 1 0 0 0 1 0 0 0 
26 43 0 1 0 1 0 0 0 0 
27 44 1 0 0 0 0 1 0 0 
27 45 0 0 0 0 0 0 1 1 
27 46 0 1 1 0 0 0 0 0 
27 47 0 1 0 0 0 0 0 1 
28 32 1 1 0 0 0 0 0 0 
28 33 0 1 0 0 0 0 1 0 
28 34 0 0 0 0 0 1 1 0 
28 35 0 0 1 0 0 0 1 0 
29 36 0 0 1 0 0 1 0 0 
29 37 0 1 0 1 0 0 0 0 
29 38 0 0 0 0 1 0 0 1 
29 39 0 0 0 1 0 0 1 0 
30 40 0 1 0 1 0 0 0 0 
30 41 0 0 1 0 0 1 0 0 
30 42 0 0 1 0 1 0 0 0 
30 43 0 0 0 0 0 1 1 0 
31 44 1 0 0 0 0 1 0 0 
31 45 0 0 0 0 1 1 0 0 
31 46 0 0 1 0 0 1 0 0 
31 47 1 0 1 0 0 0 0 0 
32 48 1 0 0 0 0 0 1 0 
32 49 0 0 0 1 0 0 0 1 
32 50 1 1 0 0 0 0 0 0 
32 51 1 0 0 0 0 1 0 0 
33 52 0 0 0 0 0 0 1 1 
33 53 0 0 0 0 1 1 0 0 
33 54 0 1 0 1 0 0 0 0 
33 55 1 0 1 0 0 0 0 0 
34 56 0 0 1 0 0 0 1 0 
34 57 0 0 0 0 0 0 1 1 
34 58 1 0 0 0 0 0 1 0 
34 59 0 0 1 0 0 1 0 0 
35 60 0 1 0 0 1 0 0 0 
35 61 1 0 1 0 0 0 0 0 
35 62 0 1 0 0 0 0 1 0 
35 63 0 0 0 1 0 0 1 0 
36 48 1 0 0 0 0 0 1 0 
36 49 1 0 0 0 0 0 0 1 
36 50 1 0 0 1 0 0 0 0 
36 51 0 0 0 0 1 0 1 0 
37 52 0 0 0 0 1 1 0 0 
37 53 0 0 0 1 1 0 0 0 
37 54 1 1 0 0 0 0 0 0 
37 55 0 1 0 0 0 0 1 0 
38 56 0 0 0 0 1 1 0 0 
38 57 0 1 0 1 0 0 0 0 
38 58 1 0 0 0 0 0 0 1 
38 59 1 0 0 0 0 0 1 0 
39 60 0 1 0 1 0 0 0 0 
39 61 1 1 0 0 0 0 0 0 
39 62 0 1 0 0 0 0 1 0 
39 63 0 1 0 1 0 0 0 0 
40 48 0 0 1 0 0 0 1 0 
40 49 0 1 1 0 0 0 0 0 
40 50 0 0 0 0 1 0 0 1 
40 51 0 1 1 0 0 0 0 0 
41 52 0 0 0 1 1 0 0 0 
41 53 1 0 0 0 0 1 0 0 
41 54 1 0 0 0 0 0 1 0 
41 55 0 0 0 1 0 0 1 0 
42 56 0 0 1 0 1 0 0 0 
42 57 0 0 0 0 1 0 1 0 
42 58 0 0 0 0 1 0 0 1 
42 59 1 0 0 0 1 0 0 0 
43 60 1 0 0 0 1 0 0 0 
43 61 0 0 0 0 1 0 1 0 
43 62 0 0 0 0 1 1 0 0 
43 63 0 1 0 0 0 0 1 0 
44 48 0 1 0 0 0 0 0 1 
44 49 0 0 0 0 0 1 1 0 
44 50 1 0 0 0 1 0 0 0 
44 51 1 0 0 0 0 0 0 1 
45 52 0 0 0 0 0 1 0 1 
45 53 0 1 0 0 1 0 0 0 
45 54 1 0 0 0 0 0 0 1 
45 55 0 1 0 1 0 0 0 0 
46 56 0 1 0 0 0 0 0 1 
46 57 0 1 0 0 1 0 0 0 
46 58 1 0 0 0 0 1 0 0 
46 59 0 1 0 1 0 0 0 0 
47 60 0 0 0 0 1 0 0 1 
47 61 0 1 0 1 0 0 0 0 
47 62 0 0 0 1 0 0 1 0 
47 63 0 0 0 1 0 1 0 0 
48 64 0 0 0 0 0 1 1 0 
48 65 1 0 0 0 0 1 0 0 
48 66 0 0 0 0 0 1 1 0 
48 67 1 0 1 0 0 0 0 0 
49 68 0 1 0 0 1 0 0 0 
49 69 0 0 1 0 0 1 0 0 
49 70 0 1 0 1 0 0 0 0 
49 71 0 1 0 0 0 0 1 0 
50 72 1 0 1 0 0 0 0 0 
50 73 1 0 1 0 0 0 0 0 
50 74 0 0 0 0 0 1 0 1 
50 75 0 0 0 1 0 0 1 0 
51 76 0 0 0 0 0 1 0 1 
51 77 1 0 0 0 0 1 0 0 
51 78 1 0 0 0 1 0 0 0 
51 79 0 0 0 1 0 1 0 0 
52 64 0 1 0 1 0 0 0 0 
52 65 0 0 0 0 0 1 1 0 
52 66 0 0 0 0 0 1 0 1 
52 67 0 0 0 0 1 0 0 1 
53 68 0 1 0 0 0 1 0 0 
53 69 0 1 0 0 0 0 1 0 
53 70 0 0 0 1 1 0 0 0 
53 71 0 0 1 0 0 0 1 0 
54 72 0 0 0 0 1 0 0 1 
54 73 1 0 0 0 0 1 0 0 
54 74 0 0 0 1 1 0 0 0 
54 75 0 0 0 1 1 0 0 0 
55 76 1 0 0 1 0 0 0 0 
55 77 1 0 1 0 0 0 0 0 
55 78 1 0 0 0 1 0 0 0 
55 79 0 0 0 0 0 1 1 0 
56 64 0 0 0 1 0 0 0 1 
56 65 1 0 0 1 0 0 0 0 
56 66 0 1 1 0 0 0 0 0 
56 67 1 0 0 0 1 0 0 0 
57 68 0 0 0 0 0 1 1 0 
57 69 0 0 0 0 1 0 0 1 
57 70 0 1 0 0 0 0 0 1 
57 71 0 0 1 0 0 1 0 0 
58 72 1 0 1 0 0 0 0 0 
58 73 1 0 0 0 0 0 0 1 
58 74 1 0 1 0 0 0 0 0 
58 75 0 0 0 1 0 0 1 0 
59 76 0 0 0 1 0 0 0 1 
59 77 0 0 0 1 1 0 0 0 
59 78 0 1 0 0 0 1 0 0 
59 79 0 0 0 0 1 0 0 1 
60 64 0 0 0 1 0 0 1 0 
60 65 1 0 0 0 0 0 1 0 
60 66 0 1 0 0 0 0 1 0 
60 67 1 0 0 1 0 0 0 0 
61 68 0 0 0 0 0 0 1 1 
61 69 0 0 1 0 0 0 1 0 
61 70 0 0 1 0 1 0 0 0 
61 71 1 0 0 0 0 1 0 0 
62 72 0 0 1 0 1 0 0 0 
62 73 0 1 1 0 0 0 0 0 
62 74 0 0 0 0 0 1 0 1 
62 75 0 0 0 0 0 0 1 1 
63 76 0 0 1 0 0 0 1 0 
63 77 1 0 0 0 0 0 1 0 
63 78 0 0 0 1 0 0 0 1 
63 79 0 0 0 1 1 0 0 0 
64 80 0 1 0 0 1 0 0 0 
64 81 0 0 0 0 1 0 1 0 
64 82 1 0 0 0 0 0 1 0 
64 83 1 0 0 0 1 0 0 0 
65 84 0 0 0 1 0 0 0 1 
65 85 0 0 0 0 0 0 1 1 
65 86 0 0 1 1 0 0 0 0 
65 87 0 1 0 0 0 1 0 0 
66 88 0 0 1 0 0 1 0 0 
66 89 0 0 1 0 1 0 0 0 
66 90 0 1 1 0 0 0 0 0 
66 91 0 0 1 0 1 0 0 0 
67 92 0 0 0 1 0 1 0 0 
67 93 0 1 0 0 0 0 0 1 
67 94 0 0 0 1 0 0 0 1 
67 95 1 0 0 0 0 0 0 1 
68 80 0 1 0 1 0 0 0 0 
68 81 0 1 0 0 0 0 1 0 
68 82 0 1 0 1 0 0 0 0 
68 83 0 0 0 0 1 1 0 0 
69 84 0 0 0 1 0 0 1 0 
69 85 1 0 0 0 0 0 1 0 
69 86 0 0 0 1 0 1 0 0 
69 87 0 0 1 0 0 0 1 0 
70 88 0 0 0 1 0 1 0 0 
70 89 0 0 0 1 0 0 1 0 
70 90 0 0 0 0 1 1 0 0 
70 91 0 0 1 0 0 1 0 0 
71 92 0 0 0 1 0 1 0 0 
71 93 0 0 1 1 0 0 0 0 
71 94 1 0 1 0 0 0 0 0 
71 95 0 0 0 0 1 1 0 0 
72 80 1 0 0 0 0 0 1 0 
72 81 0 0 1 0 0 0 0 1 
72 82 0 0 1 0 0 0 1 0 
72 83 1 0 0 0 0 0 1 0 
73 84 0 0 0 0 1 0 1 0 
73 85 0 0 0 0 0 0 1 1 
73 86 0 1 0 0 0 1 0 0 
73 87 0 1 0 0 0 0 1 0 
74 88 0 0 1 0 0 0 0 1 
74 89 1 0 0 0 0 0 0 1 
74 90 0 0 0 0 0 1 0 1 
74 91 0 0 1 0 0 0 1 0 
75 92 0 0 1 0 0 0 1 0 
75 93 0 0 0 0 1 0 0 1 
75 94 0 0 0 0 1 0 0 1 
75 95 1 0 0 1 0 0 0 0 
76 80 1 0 0 0 0 0 0 1 
76 81 0 1 1 0 0 0 0 0 
76 82 0 0 1 0 0 1 0 0 
76 83 0 0 1 0 1 0 0 0 
77 84 0 0 0 0 0 0 1 1 
77 85 1 0 0 0 1 0 0 0 
77 86 1 0 0 0 0 0 1 0 
77 87 1 0 0 0 1 0 0 0 
78 88 0 0 0 0 1 1 0 0 
78 89 0 0 0 0 1 0 1 0 
78 90 0 0 0 1 0 1 0 0 
78 91 0 0 0 0 1 1 0 0 
79 92 0 0 1 0 1 0 0 0 
79 93 1 0 0 1 0 0 0 0 
79 94 0 0 0 0 1 0 0 1 
79 95 0 0 0 0 1 1 0 0 
80 96 0 0 1 0 0 0 1 0 
80 97 0 0 0 0 0 1 1 0 
80 98 0 1 0 0 0 0 1 0 
80 99 0 0 1 0 0 1 0 0 
81 100 0 0 0 1 1 0 0 0 
81 101 0 0 0 0 0 1 0 1 
81 102 1 1 0 0 0 0 0 0 
81 103 1 1 0 0 0 0 0 0 
82 104 0 1 0 1 0 0 0 0 
82 105 0 0 0 0 1 0 1 0 
82 106 0 0 0 1 0 1 0 0 
82 107 0 0 0 1 0 0 0 1 
83 108 0 0 0 0 0 1 0 1 
83 109 0 0 1 0 0 0 1 0 
83 110 1 0 0 0 0 0 0 1 
83 111 0 0 1 0 0 1 0 0 
84 96 0 0 0 0 0 1 1 0 
84 97 0 0 0 0 1 0 0 1 
84 98 0 0 0 0 0 1 0 1 
84 99 1 0 0 0 0 0 1 0 
85 100 0 0 1 0 0 0 1 0 
85 101 1 0 1 0 0 0 0 0 
85 102 1 1 0 0 0 0 0 0 
85 103 1 0 0 1 0 0 0 0 
86 104 0 0 0 1 0 1 0 0 
86 105 0 0 0 1 0 0 1 0 
86 106 0 0 0 1 0 0 1 0 
86 107 0 0 1 0 0 0 0 1 
87 108 0 1 0 0 1 0 0 0 
87 109 0 0 0 1 0 0 1 0 
87 110 0 1 0 1 0 0 0 0 
87 111 0 1 0 0 1 0 0 0 
88 96 0 0 0 1 0 1 0 0 
88 97 0 0 0 0 0 1 1 0 
88 98 0 1 0 0 0 0 0 1 
88 99 0 0 1 0 0 0 0 1 
89 100 0 0 1 0 0 0 1 0 
89 101 1 0 0 0 0 0 0 1 
89 102 0 1 0 0 0 0 1 0 
89 103 0 1 0 1 0 0 0 0 
90 104 0 1 0 0 0 0 1 0 
90 105 1 0 0 1 0 0 0 0 
90 106 0 0 1 0 0 1 0 0 
90 107 0 0 0 0 1 1 0 0 
91 108 0 1 1 0 0 0 0 0 
91 109 0 0 0 1 0 0 0 1 
91 110 1 0 0 0 0 0 0 1 
91 111 0 0 1 1 0 0 0 0 
92 96 0 1 0 0 1 0 0 0 
92 97 0 1 1 0 0 0 0 0 
92 98 0 1 0 0 0 1 0 0 
92 99 0 0 1 0 0 1 0 0 
93 100 0 0 0 0 1 0 0 1 
93 101 0 0 1 1 0 0 0 0 
93 102 0 0 1 0 0 1 0 0 
93 103 0 0 1 0 0 0 0 1 
94 104 0 1 0 0 1 0 0 0 
94 105 0 0 1 0 0 0 1 0 
94 106 0 0 1 1 0 0 0 0 
94 107 0 0 0 0 0 1 0 1 
95 108 0 0 1 0 1 0 0 0 
95 109 0 0 1 0 1 0 0 0 
95 110 0 1 0 0 0 0 1 0 
95 111 1 0 0 0 0 0 1 0 
96 0 1 1 0 0 0 0 0 0 
96 1 0 0 0 0 1 1 0 0 
96 2 1 0 0 0 0 0 0 1 
96 3 0 0 0 1 0 0 1 0 
97 4 0 0 0 0 1 0 0 1 
97 5 0 0 0 1 0 0 1 0 
97 6 1 0 0 1 0 0 0 0 
97 7 0 0 0 0 1 0 0 1 
98 8 0 0 0 0 1 1 0 0 
98 9 0 0 0 0 0 1 0 1 
98 10 0 1 0 0 0 0 0 1 
98 11 1 0 0 0 1 0 0 0 
99 12 0 0 1 1 0 0 0 0 
99 13 1 1 0 0 0 0 0 0 
99 14 0 0 0 0 0 1 1 0 
99 15 1 0 0 0 1 0 0 0 
100 0 0 1 0 0 0 0 1 0 
100 1 1 0 0 1 0 0 0 0 
100 2 0 0 1 0 1 0 0 0 
100 3 0 1 0 0 0 0 0 1 
101 4 1 0 1 0 0 0 0 0 
101 5 0 0 1 0 0 0 0 1 
101 6 0 0 0 0 0 1 0 1 
101 7 0 0 0 0 0 0 1 1 
102 8 0 0 1 0 0 0 0 1 
102 9 0 1 0 0 0 1 0 0 
102 10 0 0 1 0 0 1 0 0 
102 11 1 0 1 0 0 0 0 0 
103 12 0 0 0 0 1 1 0 0 
103 13 0 0 0 1 1 0 0 0 
103 14 1 0 0 0 0 1 0 0 
103 15 0 0 1 0 0 0 0 1 
104 0 0 0 0 0 1 0 1 0 
104 1 0 1 0 0 1 0 0 0 
104 2 0 1 0 1 0 0 0 0 
104 3 0 0 0 1 0 0 1 0 
105 4 0 1 0 0 0 0 0 1 
105 5 1 0 0 0 0 1 0 0 
105 6 0 0 0 0 0 1 1 0 
105 7 0 0 0 0 0 1 1 0 
106 8 0 0 0 1 1 0 0 0 
106 9 0 0 1 0 1 0 0 0 
106 10 0 1 0 0 0 0 1 0 
106 11 0 0 1 0 0 0 0 1 
107 12 0 0 1 0 0 0 1 0 
107 13 0 0 0 0 1 0 1 0 
107 14 0 0 0 0 1 1 0 0 
107 15 1 0 0 0 0 1 0 0 
108 0 1 1 0 0 0 0 0 0 
108 1 0 1 0 1 0 0 0 0 
108 2 0 0 1 0 0 0 0 1 
108 3 1 0 0 0 0 0 1 0 
109 4 0 0 0 1 0 0 0 1 
109 5 0 1 1 0 0 0 0 0 
109 6 0 0 0 1 0 0 0 1 
109 7 0 0 1 0 0 0 1 0 
110 8 0 0 1 1 0 0 0 0 
110 9 0 0 0 0 1 1 0 0 
110 10 1 0 0 0 1 0 0 0 
110 11 1 1 0 0 0 0 0 0 
111 12 1 0 1 0 0 0 0 0 
111 13 0 0 1 0 0 0 0 1 
111 14 1 0 0 0 0 0 1 0 
111 15 0 0 0 1 0 1 0 0 
