4 16 7

0 16
0 17
0 18
0 19
1 20
1 21
1 22
1 23
2 24
2 25
2 26
2 27
3 28
3 29
3 30
3 31
4 16
4 17
4 18
4 19
5 20
5 21
5 22
5 23
6 24
6 25
6 26
6 27
7 28
7 29
7 30
7 31
8 16
8 17
8 18
8 19
9 20
9 21
9 22
9 23
10 24
10 25
10 26
10 27
11 28
11 29
11 30
11 31
12 16
12 17
12 18
12 19
13 20
13 21
13 22
13 23
14 24
14 25
14 26
14 27
15 28
15 29
15 30
15 31
16 32
16 33
16 34
16 35
17 36
17 37
17 38
17 39
18 40
18 41
18 42
18 43
19 44
19 45
19 46
19 47
20 32
20 33
20 34
20 35
21 36
21 37
21 38
21 39
22 40
22 41
22 42
22 43
23 44
23 45
23 46
23 47
24 32
24 33
24 34
24 35
25 36
25 37
25 38
25 39
26 40
26 41
26 42
26 43
27 44
27 45
27 46
27 47
28 32
28 33
28 34
28 35
29 36
29 37
29 38
29 39
30 40
30 41
30 42
30 43
31 44
31 45
31 46
31 47
32 48
32 49
32 50
32 51
33 52
33 53
33 54
33 55
34 56
34 57
34 58
34 59
35 60
35 61
35 62
35 63
36 48
36 49
36 50
36 51
37 52
37 53
37 54
37 55
38 56
38 57
38 58
38 59
39 60
39 61
39 62
39 63
40 48
40 49
40 50
40 51
41 52
41 53
41 54
41 55
42 56
42 57
42 58
42 59
43 60
43 61
43 62
43 63
44 48
44 49
44 50
44 51
45 52
45 53
45 54
45 55
46 56
46 57
46 58
46 59
47 60
47 61
47 62
47 63
48 64
48 65
48 66
48 67
49 68
49 69
49 70
49 71
50 72
50 73
50 74
50 75
51 76
51 77
51 78
51 79
52 64
52 65
52 66
52 67
53 68
53 69
53 70
53 71
54 72
54 73
54 74
54 75
55 76
55 77
55 78
55 79
56 64
56 65
56 66
56 67
57 68
57 69
57 70
57 71
58 72
58 73
58 74
58 75
59 76
59 77
59 78
59 79
60 64
60 65
60 66
60 67
61 68
61 69
61 70
61 71
62 72
62 73
62 74
62 75
63 76
63 77
63 78
63 79
64 80
64 81
64 82
64 83
65 84
65 85
65 86
65 87
66 88
66 89
66 90
66 91
67 92
67 93
67 94
67 95
68 80
68 81
68 82
68 83
69 84
69 85
69 86
69 87
70 88
70 89
70 90
70 91
71 92
71 93
71 94
71 95
72 80
72 81
72 82
72 83
73 84
73 85
73 86
73 87
74 88
74 89
74 90
74 91
75 92
75 93
75 94
75 95
76 80
76 81
76 82
76 83
77 84
77 85
77 86
77 87
78 88
78 89
78 90
78 91
79 92
79 93
79 94
79 95
80 96
80 97
80 98
80 99
81 100
81 101
81 102
81 103
82 104
82 105
82 106
82 107
83 108
83 109
83 110
83 111
84 96
84 97
84 98
84 99
85 100
85 101
85 102
85 103
86 104
86 105
86 106
86 107
87 108
87 109
87 110
87 111
88 96
88 97
88 98
88 99
89 100
89 101
89 102
89 103
90 104
90 105
90 106
90 107
91 108
91 109
91 110
91 111
92 96
92 97
92 98
92 99
93 100
93 101
93 102
93 103
94 104
94 105
94 106
94 107
95 108
95 109
95 110
95 111
96 0
96 1
96 2
96 3
97 4
97 5
97 6
97 7
98 8
98 9
98 10
98 11
99 12
99 13
99 14
99 15
100 0
100 1
100 2
100 3
101 4
101 5
101 6
101 7
102 8
102 9
102 10
102 11
103 12
103 13
103 14
103 15
104 0
104 1
104 2
104 3
105 4
105 5
105 6
105 7
106 8
106 9
106 10
106 11
107 12
107 13
107 14
107 15
108 0
108 1
108 2
108 3
109 4
109 5
109 6
109 7
110 8
110 9
110 10
110 11
111 12
111 13
111 14
111 15
